DateTime,Entries,UniqueIPs
1448515652,199,199
1448603135,199,199
1448690615,199,199
1448952855,199,199
1449040172,199,199
1449127677,199,199
1449214707,199,199
1449389385,199,199
1449564361,199,199
1449651642,199,199
1449739175,199,199
1450351114,199,199
1450438593,199,199
1450529308,199,199
1450790914,199,199
1450878405,199,199
1450965646,199,199
1451053117,199,199
1451234205,195,195
1451321692,195,195
1451408994,195,195
1451496474,193,193
1451627673,190,190
1451714988,188,188
1451889987,181,181
1451977222,178,178
1452064255,173,173
1452151656,170,170
1452239124,170,170
1452326453,170,170
1452413910,170,170
1452588465,170,170
1453025401,170,170
1453112411,170,170
1453199536,170,170
1453286654,167,167
1453373764,167,167
1453460913,167,167
1453548014,167,167
1453635142,167,167
1453722248,167,167
1453983620,166,166
1454070758,165,165
1454158622,165,165
1455116902,164,164
1455291166,164,164
1455378254,164,164
1455639643,164,164
1455726737,165,165
1455813862,165,165
1455900978,165,165
1456075258,165,165
1456162609,165,165
1456423925,165,165
1456598173,165,165
1456772428,166,166
1457033820,165,165
1457121074,166,166
1457295381,166,166
1457556767,166,166
1457992342,166,166
1458253693,166,166
1458427949,166,166
1458515086,166,166
1458602441,166,166
1458689550,166,166
1458776666,166,166
1458950906,166,166
1459038036,166,166
1459953859,166,166
1460041286,165,165
1460870503,200,200
1461044650,200,200
1461306009,200,200
1461654507,200,200
1461915855,200,200
1462003008,200,200
1462177217,200,200
1462612818,200,200
1463832503,200,200
1464093851,200,200
1465313547,200,200
1466010989,200,200
1466707950,200,200
1467056416,200,200
1468014738,200,200
1470367243,200,200
1471412657,200,200
1472196768,200,200
1472283855,200,200
1472632343,200,200
1472719459,200,200
1472980828,200,200
1473155056,200,200
1473329315,200,200
1474374778,200,200
1474636135,200,200
1476379706,200,200
1476989544,200,200
1477076665,200,200
1477163815,200,200
1477512515,200,200
1481825788,200,200
1482348755,200,200
1482435852,200,200
1482610364,200,200
1482958886,200,200
1484265898,200,200
1486009263,200,200
1486531955,200,200
1486619051,200,200
1487141776,200,200
1487228927,200,200
1487490255,200,200
1487838756,200,200
1487925858,200,200
1488013001,200,200
1488187213,232,232
1488274365,232,232
1488361480,232,232
1488448607,232,232
1488535727,232,232
1488622834,232,232
1488709945,232,232
1488884197,232,232
1488971344,232,232
1489058417,232,232
1489145553,232,232
1489494032,232,232
1489668262,232,232
1489755452,232,232
1490016769,232,232
1490278121,232,232
1490452353,232,232
1490539459,231,231
1490975073,232,232
1491323562,232,232
1491846532,232,232
1492194990,232,232
1492282097,232,232
1492630578,232,232
1492717716,232,232
1492891978,232,232
1492979061,232,232
1493066200,232,232
1493153330,232,232
1493240555,232,232
1493327808,232,232
1493414951,232,232
1493502041,232,232
1493589174,232,232
1493851023,232,232
1493938117,232,232
1494025298,232,232
1494287061,232,232
1494374189,232,232
1494548434,232,232
1494635542,232,232
1494722655,232,232
1494809781,232,232
1494896937,232,232
1494984060,232,232
1495071168,232,232
1495158287,232,232
1495419643,231,231
1495593878,232,232
1495768145,232,232
1495942361,232,232
1496029467,232,232
1496116584,232,232
1496377956,232,232
1496466375,232,232
1496553400,232,232
1496640519,232,232
1496727627,232,232
1496814769,232,232
1496989004,232,232
1497076121,231,231
1497337493,232,232
1497424609,231,231
1497511740,232,232
1497598862,232,232
1497773088,232,232
1497947361,232,232
1498208651,232,232
1498295791,232,232
1498818522,232,232
1498905625,232,232
1499080130,232,232
1499167245,232,232
1499428628,232,232
1499689951,232,232
1499778824,232,232
1499953228,232,232
1500040357,232,232
1500301954,232,232
1500389053,232,232
1500650432,232,232
1500737537,232,232
1500824650,232,232
1500911780,232,232
1501086052,232,232
1501348137,232,232
1501609451,232,232
1501696617,232,232
1501871062,232,232
1501958186,232,232
1502219827,232,232
1502306912,232,232
1502394031,232,232
1502481143,231,231
1502568286,232,232
1502742527,232,232
1503003901,232,232
1503091269,232,232
1503352582,232,232
1503613933,232,232
1503701081,232,232
1503788172,232,232
1503962439,232,232
1504049547,232,232
1504136913,232,232
1504659866,232,232
1504834111,231,231
1505356835,232,232
1505705554,232,232
1505792659,232,232
1505879793,232,232
1505966903,32,32
1506054026,232,232
1506141157,32,32
1506228260,232,232
1506402512,232,232
1506663882,232,232
1506838093,232,232
1506925213,229,229
1507012361,32,32
1507448412,230,230
1507884257,32,32
1507971377,232,232
1508146105,232,232
1508233207,232,232
1508320609,232,232
1508494820,231,231
1508756470,232,232
1508930651,232,232
1509017781,232,232
1509192036,232,232
1509453864,232,232
1509541003,32,32
1509715214,32,32
1509802345,232,232
1509976586,232,232
1510151070,32,32
1510238182,232,232
1510499789,232,232
1510587167,232,232
1510761889,232,232
1510849000,232,232
1511023217,32,32
1511284857,32,32
1511459076,32,32
1511546201,232,232
1511807568,232,232
1511981791,32,32
1512068917,232,232
1512243144,232,232
1512418123,232,232
1512592321,232,232
1512766848,232,232
1513030369,232,232
1513117469,232,232
1513379308,232,232
1513553728,231,231
1513815416,32,32
1514600995,232,232
1515036826,232,232
1515211069,232,232
1515385551,232,232
1515734986,232,232
1515909248,232,232
1516431974,32,32
1516693327,232,232
1517041793,232,232
1517390743,232,232
1517477883,232,232
1517740703,230,230
1518002519,232,232
1518351004,232,232
1518438380,232,232
1518526700,232,232
1518788760,232,232
1518875874,32,32
1519137706,232,232
1519399297,32,32
1519660840,231,231
1519836099,232,232
1520097956,232,232
1520272170,232,232
1520359352,32,32
1520533549,232,232
1520708027,232,232
1520969886,232,232
1521405699,232,232
1521492816,232,232
1521579962,232,232
1521667070,32,32
1522015766,232,232
1522453298,232,232
1522715143,232,232
1522889875,232,232
1523064345,232,232
1523326208,232,232
1523762511,232,232
1523849631,32,32
1524198147,232,232
1524285468,232,232
1524547285,32,32
1524896276,232,232
1525157643,232,232
1525681067,232,232
1525855296,232,232
1525942428,232,232
1526541651,232,232
1526628770,232,232
1527239059,232,232
1527239059,232,232
1527239059,232,232
1527239059,232,232
1527239059,232,232
1527239059,232,232
1527239059,232,232
1527239059,232,232
1527239059,232,232
1527239059,232,232
1527239059,232,232
1527239059,232,232
1527239059,232,232
1527239059,232,232
1527239059,232,232
1527239059,232,232
1527239059,232,232
1527239059,232,232
1527239059,232,232
1527239059,232,232
1527239059,232,232
1527239059,232,232
1527239059,232,232
1527239059,232,232
1527239059,232,232
1527239059,232,232
1527239059,232,232
1527239059,232,232
1527326942,232,232
1527326942,232,232
1527326942,232,232
1527326942,232,232
1527326942,232,232
1527326942,232,232
1527326942,232,232
1527326942,232,232
1527326942,232,232
1527326942,232,232
1527326942,232,232
1527326942,232,232
1527326942,232,232
1527326942,232,232
1527326942,232,232
1527326942,232,232
1527326942,232,232
1527326942,232,232
1527326942,232,232
1527326942,232,232
1527326942,232,232
1527326942,232,232
1527326942,232,232
1527326942,232,232
1527326942,232,232
1527326942,232,232
1527326942,232,232
1527326942,232,232
1527326942,232,232
1527326942,232,232
1527326942,232,232
1527326942,232,232
1527326942,232,232
1527326942,232,232
1527326942,232,232
1527326942,232,232
1527326942,232,232
1527326942,232,232
1527326942,232,232
1527326942,232,232
1527326942,232,232
1527326942,232,232
1527326942,232,232
1527326942,232,232
1527326942,232,232
1527326942,232,232
1527326942,232,232
1527326942,232,232
1527326942,232,232
1527326942,232,232
1527326942,232,232
1527326942,232,232
1527326942,232,232
1527326942,232,232
1527326942,232,232
1527326942,232,232
1527894534,232,232
1527894534,232,232
1527894534,232,232
1527894534,232,232
1527894534,232,232
1527894534,232,232
1527894534,232,232
1527894534,232,232
1527894534,232,232
1527894534,232,232
1527894534,232,232
1527894534,232,232
1527894534,232,232
1527894534,232,232
1527894534,232,232
1527894534,232,232
1527894534,232,232
1527894534,232,232
1527894534,232,232
1527894534,232,232
1527894534,232,232
1527894534,232,232
1527894534,232,232
1527894534,232,232
1527894534,232,232
1527894534,232,232
1527894534,232,232
1527894534,232,232
1527894534,232,232
1527894534,232,232
1527894534,232,232
1527894534,232,232
1527894534,232,232
1527894534,232,232
1527894534,232,232
1527894534,232,232
1527894534,232,232
1527894534,232,232
1527894534,232,232
1527894534,232,232
1527894534,232,232
1527894534,232,232
1527894534,232,232
1527894534,232,232
1527894534,232,232
1527894534,232,232
1527894534,232,232
1527894534,232,232
1527894534,232,232
1527894534,232,232
1527894534,232,232
1527894534,232,232
1527894534,232,232
1527894534,232,232
1527894534,232,232
1527982434,232,232
1527982434,232,232
1527982434,232,232
1527982434,232,232
1527982434,232,232
1527982434,232,232
1527982434,232,232
1527982434,232,232
1527982434,232,232
1527982434,232,232
1527982434,232,232
1527982434,232,232
1527982434,232,232
1527982434,232,232
1527982434,232,232
1527982434,232,232
1527982434,232,232
1527982434,232,232
1527982434,232,232
1528243709,232,232
1528243709,232,232
1528243709,232,232
1528243709,232,232
1528243709,232,232
1528768813,232,232
1528855934,232,232
1529030171,232,232
1529117288,232,232
1529291547,232,232
1529378657,232,232
1529466017,232,232
1529553145,232,232
1529640270,231,231
1529988986,232,232
1530076094,232,232
1530163220,232,232
